.Random.seed <-
c(403L, 10L, 508021091L, 151382529L, 301504880L, -1433892594L, 
968366969L, 568627979L, 630135866L, -728106180L, 1795420287L, 
-1736109099L, 923713004L, 1208307522L, -1063407459L, -302946025L, 
-130195330L, 1088419896L, 1419513627L, -1689232263L, 1378043080L, 
2087150838L, -1933380303L, 1940546915L, -878418126L, -1017532284L, 
-1810314041L, -1564942435L, 1148988180L, 809810362L, -1624944635L, 
1134839263L, -534767514L, 1746888688L, -2137902829L, -2106888527L, 
1795197280L, -1205117186L, -1574143351L, 434886075L, -1056411766L, 
-1769941396L, -1685903377L, 548495397L, -561975076L, 1213290162L, 
1087068589L, -1414042265L, 769628814L, 758776680L, -1019700373L, 
-1626995447L, 1152301976L, -2133706042L, -600563679L, 2043372723L, 
-913304030L, 614819860L, -490877801L, 2064590477L, -1514469468L, 
-896288374L, 1552205301L, 1368045647L, 758345558L, 607405568L, 
944576323L, -1352315167L, 638880848L, 839455918L, 1414713433L, 
-1550364565L, 330278362L, -1280389476L, 730472607L, -121914635L, 
1082361740L, -1505851806L, 607492669L, -927628105L, -1052198050L, 
1492967064L, 361946619L, -1327644775L, -277563352L, 238608598L, 
-282516143L, -1561046013L, 820566930L, 1211529508L, 318357479L, 
-1322671043L, -954879308L, -421773030L, 1666871909L, -388458753L, 
1048152966L, 702860560L, 1059333555L, -180709807L, -330803712L, 
1774056158L, -1629462231L, -783807269L, 205716458L, 1945127820L, 
1661996239L, 810071173L, -999751876L, -572654062L, 277077261L, 
-538892729L, -1642243026L, 78414216L, 814160011L, 1686024809L, 
-345493960L, 1463772902L, -860929407L, -1612354029L, -869180990L, 
2061865588L, 1143190647L, 1958141293L, 1613185540L, 67674410L, 
1802376853L, -66241233L, -1986869194L, -2109416352L, -1249668445L, 
619873729L, 57676208L, -873738034L, 97455673L, -317460405L, -2017050118L, 
-1490649860L, 538005823L, 343666197L, -1730237140L, -1494458878L, 
393299165L, 909139927L, -583075138L, 2070674680L, -1922374949L, 
1302681913L, -1084089208L, -1188385738L, -1388496783L, 354470563L, 
2012311538L, 1660748612L, 1966230535L, 1071000029L, -85141804L, 
-385959430L, 1380537669L, -1280474721L, 176579366L, 334003120L, 
199698515L, -2117262479L, -1499368800L, -2081479106L, -468857527L, 
19256315L, 1194481610L, 739412268L, 395019567L, 362286053L, -1435823460L, 
2079905522L, 2130495341L, 1560776871L, -153652530L, 1884045352L, 
-433767381L, 1814089289L, 1714546520L, 864727558L, 2127911905L, 
550025587L, 985479650L, 923745620L, -2065796009L, -1346160563L, 
232913892L, 1350023626L, 567935029L, -1633460593L, -1843859562L, 
-1014516928L, -36979197L, 1811719201L, -1916975344L, 284605678L, 
-1995086695L, -392695509L, 1172359194L, 1043284700L, 1105142495L, 
-1733370699L, 1177549388L, 1674593954L, -2065961475L, 734643959L, 
-1592078306L, 856441560L, -257612229L, 1312216025L, 778297704L, 
1673312406L, -1099942383L, 1238929347L, 1558713298L, -1273721244L, 
1569439143L, -1782189315L, 658900724L, 1334596058L, -1359071963L, 
105649215L, -1206230074L, 1564930128L, 1756298355L, 1543950481L, 
712650944L, -2129376816L, 1642210146L, -1731632408L, -613162804L, 
-725343748L, 1465348594L, -1358181760L, -1147183628L, -1751583096L, 
-717979846L, -2004004016L, 130837612L, 1738375572L, -1328597934L, 
331866592L, 1231862988L, -1449778016L, -938519166L, -1413723928L, 
2004727532L, 116774204L, 1186876530L, 1659332720L, -967229404L, 
1938336824L, -1851257062L, -757052208L, 276602684L, 1264338836L, 
1936995202L, 1516644800L, 1811234364L, 2057291152L, -1771594206L, 
-718330616L, -1957327220L, 1185971996L, 192913554L, 1207777664L, 
-10426860L, 436174632L, 885979706L, 950582736L, 1886595436L, 
-364952652L, -1955579886L, -2135132704L, 548612044L, 677544160L, 
-1254295518L, -790306520L, -297869812L, 1160243004L, 1260200946L, 
250542832L, 656707140L, 900858456L, 1618505530L, 709420528L, 
-1234299204L, -305301228L, 75416258L, -843606944L, 623469436L, 
-1509951536L, -1594367710L, -1539663192L, 679713676L, -1811859268L, 
-1437839566L, -288388544L, -460497740L, -627932600L, -815077958L, 
-1438359024L, -6180116L, -1282711212L, -1656954606L, 1184157088L, 
1550779084L, -999170464L, -524273726L, 1502725928L, 1256566700L, 
1201292092L, -688903822L, -158835920L, 1767165220L, -1193333960L, 
-957415718L, 2067105680L, -253702404L, -1948177516L, -238092222L, 
-969313024L, 148767804L, -2024095408L, -1753247582L, 215155016L, 
1819760396L, 342663900L, -547623598L, -56441728L, 499941460L, 
-755396632L, 1874462970L, 2014456656L, -306790612L, -1325790860L, 
-1183732846L, 1105168480L, 521399692L, -1253696672L, 447486434L, 
1586820008L, 1101493452L, 930832380L, -1831885390L, 369415664L, 
199936964L, -140262056L, 939252090L, -388529232L, 925395388L, 
-1772054444L, -733415486L, 1183117344L, -831809348L, 29258320L, 
1545434082L, -407748504L, -1577008052L, -921978628L, -1143387150L, 
425150720L, -72244876L, -1065505784L, 257187770L, 1664102864L, 
-1470170132L, -217054828L, 853053906L, 1256092000L, 1318858572L, 
1955264800L, 461586306L, 819490536L, -1159495444L, 403469372L, 
1307966322L, -957850000L, 403624996L, -1029067976L, 1619160218L, 
10711760L, -1742151492L, -600445292L, -1004104062L, -232511296L, 
1276044092L, -887300976L, -1483579870L, 1854820360L, -763822836L, 
1525378204L, 548306450L, -56426624L, 699551252L, -1114215896L, 
1212953914L, 442829264L, 660190316L, -433092300L, 2056894098L, 
1209371488L, 476402508L, 2036930528L, 2009364386L, -759330904L, 
831925644L, -481154884L, 1464273266L, -642419472L, 175312964L, 
1780425048L, -51763654L, -1743176848L, 1392441404L, -1158938860L, 
-565172798L, 1352268512L, -1278511236L, 862928592L, 1218656418L, 
1605372968L, 227165452L, 1069238204L, -1720366798L, -1323841088L, 
2095893044L, -1247282232L, -628967238L, -1115117168L, 2075341292L, 
298852948L, 544559250L, 1746857760L, 2117298636L, 309597664L, 
1978627778L, -391265240L, 1048761004L, 1742898364L, 104778226L, 
-154726096L, -1727998812L, -131373384L, -640516774L, -828492400L, 
2129253244L, 258246932L, 46588738L, 1212439296L, 436942780L, 
-1510318256L, 314213154L, -1011835576L, -984467134L, -2007294633L, 
-1986873183L, 1754780006L, -1213725852L, -206656875L, -409998401L, 
170540888L, -2118380170L, 1931523971L, -52605499L, -1970285854L, 
2042338128L, 124053113L, 337037739L, -642769124L, -1622366134L, 
1108565055L, -1512522615L, -170616674L, 853390668L, -1373891299L, 
1066201255L, 1100136400L, 1864349550L, 1679490587L, -1698838659L, 
-136737430L, 1871307784L, -779981647L, 925338403L, -951420892L, 
1749023442L, 1134833447L, -626249359L, 975681462L, 1807149908L, 
-1436322331L, 282742767L, 1684287272L, 435083142L, -240868429L, 
1389101845L, -1504027278L, -201940544L, 468103721L, -148162917L, 
-1884102804L, 1862240122L, 1620025519L, -176989255L, 2126294478L, 
1979963676L, -1688679283L, 1319092471L, -1433867264L, 1291325022L, 
-1751305941L, 1916785197L, 1917604506L, -753062312L, -437866047L, 
-1542709645L, -2023597164L, -825650654L, 978435383L, -438371327L, 
-1303453434L, -1895832252L, 1578215541L, -726799905L, 519189816L, 
-1933097194L, 1433437987L, -1757276955L, 1334161666L, -2103581840L, 
1911708441L, 1851996939L, -643463172L, -1639971798L, 629344351L, 
1469800425L, -216923906L, 132755692L, 1005802557L, -1560532985L, 
-1911720976L, -361398386L, 848256443L, 2111208349L, 1031930186L, 
-892810904L, 1523203921L, -1831895997L, -2129238716L, -1041357326L, 
2104389575L, 148427153L, -761944810L, 179068276L, 1801657349L, 
-1742590897L, -1423982520L, -35342874L, -2032497901L, 2035510389L, 
767153746L, -99749728L, 980404617L, 509659579L, -1572764148L, 
-536666214L, -841283825L, 417168729L, -860522514L, 1610145404L, 
1805985517L, 1220907415L, -414811552L, -1103089602L, -1701521141L, 
-2089264243L, -1406625606L, -609296648L, 1127290017L, 590991443L, 
619248500L, 846842114L, -741086825L, -1875438751L, 889948070L, 
-692895324L, 1743837269L, 882396415L, 447599000L, -1226200394L, 
-373038269L, 823205509L, 1377399586L, -146126832L, -1336101959L, 
258430059L, -155474084L, 1158184586L, -1935684993L, 1647899593L, 
